-4.08021771324805e-22
3.85023527179340e-22
-6.86593914994167e-22
3.52440095671387e-22
1.58277004241261e-21
2.29807509372045e-21
6.31060158488358e-22
3.15528776488519e-21
2.36467044886511e-21
1.89772425266527e-21
2.57062062718993e-21
3.09066435164122e-21
1.34234933841342e-21
1.70359698050880e-21
1.73484968811386e-21
9.17783637584257e-22
1.66412721968958e-21
1.14686996153490e-21
1.94877687476933e-21
8.13039175391510e-22
1.88024162997628e-22
7.51144147331108e-22
8.09072993587001e-22
-2.46914351668997e-22
3.08246867471613e-21
-2.51338491312645e-22
1.03203139327887e-21
1.48716691675789e-23
9.81558310408149e-22
5.42708957563460e-22
1.32979315778495e-21
1.81660370498718e-21
1.74640242497911e-21
2.09467840035726e-21
4.55135397647097e-21
2.85980745125180e-21
3.20716959278137e-21
1.21485185225308e-21
2.45082575246242e-21
2.85782128910621e-21
-7.86397480983224e-22
1.15538230827446e-21
2.90186859088520e-21
-7.48833790849968e-22
-1.05210943628407e-21
1.18494027982603e-21
-2.31790449964469e-21
-1.24849786400498e-21
-1.05524598942340e-21
-2.06774542219796e-21
-2.07815709775491e-21
-2.11152698425834e-21
-3.03278046233059e-21
-2.52271585661063e-21
-3.33350878869401e-21
-4.59984655144898e-21
-9.31720520820377e-22
-4.02928366160009e-21
-2.25061227941853e-21
5.63719535609525e-22
-3.12796170977368e-21
6.42719862935247e-23
9.07319182961960e-23
1.20634558902943e-21
-7.95664597168240e-22
-2.73006655472233e-22
-2.74720864543710e-21
-5.01523205221024e-22
-2.25262173577800e-21
-2.36319438051905e-21
-1.59941083964665e-21
-2.26292835373994e-21
-2.38127116397763e-21
-3.11039321355642e-21
-1.50855498079486e-21
-2.42968011313707e-21
-1.99449707131289e-21
-1.07500761496132e-21
8.38049950738317e-23
-1.50672739039162e-21
-4.49901821754424e-22
-1.34861051025652e-21
-5.44813970402900e-22
-1.58742569237601e-21
-1.24064945052175e-21
-1.24812572377307e-21
7.17463512639214e-22
-1.36195008281758e-21
-1.02439248962493e-21
1.06994184802359e-21
-1.71402706592215e-21
6.53344906446486e-22
-1.01760107192823e-21
1.91505242232201e-22
3.17790054319090e-22
1.19123020218469e-21
8.86371604599480e-22
1.05446167989043e-21
1.67538236588230e-21
2.89741016336425e-21
3.87303488349429e-21
2.28480960347041e-21
3.71036902166711e-21
1.47461612366829e-21
2.40321564495650e-21
2.78979122524529e-21
1.55707434915958e-21
1.50383481368931e-21
4.14859572900684e-24
2.90471889258114e-21
6.78468153080273e-22
1.15432811615997e-21
1.74561199743918e-21
-8.49240545148853e-23
-7.59200926304994e-22
1.24938361895020e-22
-1.49067434124428e-21
-6.16315234885606e-22
5.99257814356518e-22
7.27005037915390e-23
2.26308045428869e-21
1.40055795885022e-21
1.13365153586919e-21
1.30998968720886e-21
9.01818012849561e-22
5.41803688000060e-22
1.42641563232657e-22
-1.29108070199980e-21
-7.47955113800976e-24
-8.55052951192293e-22
-2.12965530993003e-21
-1.74396433290892e-21
-1.34856011475835e-21
-2.01360073529610e-21
-8.05986970876129e-22
-5.13940106358511e-22
-1.94145414196429e-21
1.86982024527844e-21
-2.16680693198504e-21
2.82811145425273e-23
4.18100797817425e-22
1.56180696073341e-21
-1.08004066014745e-21
-8.33267587016873e-22
8.68177200600002e-22
-8.81321698641226e-22
-2.36801598116061e-21
-1.08475833926264e-21
-3.09459961005809e-21
-3.19619005121726e-21
-7.23045397383448e-22
-3.02267899468274e-21
-1.10880261801414e-21
9.61484207003488e-22
-1.23847854570527e-21
2.53061450643815e-21
1.82426028156192e-21
-5.31369198034308e-22
2.96308860725819e-21
6.06954062146102e-22
1.23284192769533e-21
4.23427699236535e-21
2.99793152404336e-21
4.38834477153053e-21
3.77318626249985e-21
2.53431123418286e-21
4.28351089473243e-21
3.86759222427307e-22
2.97391263719837e-21
1.22504477033964e-21
1.61467404477211e-21
1.94181429575075e-21
2.42974278851842e-21
4.35295626513478e-22
2.13355805974281e-22
4.50162208682257e-22
1.20490549985266e-21
2.98618401650327e-22
4.14384095900039e-22
1.51433029441529e-21
-8.09147255402454e-24
1.73942053621585e-21
1.59305918897418e-21
3.42993036825227e-22
3.09462004276215e-21
-1.29282323128374e-21
2.42157432046085e-21
4.50924731686758e-22
-7.77126340086360e-22
9.11496541500029e-22
-1.80737312101372e-21
1.54147661477682e-21
-6.53568453455967e-22
-2.83401236458453e-21
-2.06009801779841e-21
-1.78425636738511e-21
-2.86464234367028e-21
-1.23767996444227e-21
-4.24950616060531e-21
-2.38221388265697e-22
-3.00931213318044e-21
-1.19674511125763e-21
-1.46665032500690e-21
2.68826652227075e-21
-5.75142735940487e-22
2.64151148789641e-21
2.25106494507212e-22
1.33758906820824e-21
2.94905408888315e-21
5.76619519644896e-22
2.04282354327690e-21
1.57161392276422e-21
1.52403519910830e-21
7.72271735981862e-23
6.86788177447127e-22
1.47693526737483e-21
7.30350586465737e-22
4.78839111922670e-22
2.85696337909218e-21
1.33829359044538e-21
1.72643931549369e-21
1.77809825213630e-22
2.27536725733180e-21
-4.87693816897649e-22
2.21371379943821e-21
1.75144487292433e-21
1.19278457036130e-21
2.98831945620232e-21
2.05466179339277e-23
2.89142763951632e-21
6.10166808189449e-22
-2.34324562076055e-22
2.03142272936575e-21
-1.83697143045440e-21
-8.48109220044507e-22
-8.04593967139421e-22
9.55552533201740e-23
-1.18670800524558e-21
-1.26864577248712e-21
-1.73897445809123e-21
-4.22841065139387e-21
-2.65358602830872e-21
-1.20966220149843e-21
-1.31138646878332e-21
4.65533800954120e-22
2.07614807707939e-22
1.20878542595676e-21
1.33799335082736e-21
9.89886788557287e-22
1.96857759642730e-21
2.38649509560731e-21
1.48760574636752e-21
2.29649144083850e-21
2.83699716090709e-21
2.05412028601210e-21
1.06177329266343e-21
4.17210873434025e-21
4.78036065946854e-23
4.20541482695437e-21
6.12020273482504e-22
8.07294354089750e-23
-8.49804187195384e-23
-9.42574929500639e-22
-4.27637585269618e-23
-1.02365397394637e-21
-1.16603786706699e-21
-1.39306442151219e-21
-1.14136162966108e-21
-1.29819823650826e-21
-3.06690167107852e-21
-3.95383068758502e-21
-3.91126389933288e-21
-4.14717417026455e-21
-3.72742277049611e-21
-4.19293417285545e-21
-3.30336675098227e-21
-2.40379479833803e-21
-1.62934868385817e-21
-1.98696511292012e-21
-7.22325404300802e-22
-1.94905213778663e-21
-1.16301100480702e-21
-7.28944947122278e-22
-7.74169048793524e-22
4.08907585649147e-23
9.93195662065781e-22
4.37054244906157e-23
3.40766050064650e-21
2.70875276483479e-21
3.26481308795773e-21
3.32657175551948e-21
1.78563719595028e-21
3.14849366071144e-21
2.52584663385341e-21
2.49695117066712e-21
3.68792707141920e-21
9.23694905681391e-22
2.51999246281602e-21
1.09676951108046e-21
7.41623514305522e-22
-1.75968904665278e-22
-1.66245258793131e-21
-9.58521390539424e-22
-1.71917874657282e-21
-1.63726999231978e-21
9.72981705388594e-22
-2.01061867193124e-21
-5.05321309065320e-22
1.66957433840603e-21
-5.09356129289791e-22
2.59337269702706e-21
1.71521444202759e-21
2.11508151361848e-21
2.23260316950960e-21
1.63361167573035e-21
-1.58432468518180e-21
-3.65432230449292e-22
2.85456857095843e-23
-4.07256133245044e-21
-1.79345763486775e-21
-1.88485529271532e-21
-2.12763239320353e-21
-5.30746830562024e-22
-2.14904831937379e-21
-1.57110328074204e-21
-1.58632288720141e-21
-8.17163048875737e-22
-2.61239914667634e-21
5.59309724900959e-22
-4.89817619770068e-22
4.77771162759371e-22
6.15259172361629e-22
5.29855082240563e-22
1.16229392927433e-21
3.13632652457983e-21
1.73917198468883e-21
1.39330936732425e-21
2.52058985796599e-21
1.44582529155911e-21
2.50026106323371e-22
-3.00797049207394e-22
-1.03380013399033e-21
-9.06625117246658e-22
-2.58547327872153e-21
-8.09955767215341e-22
-2.75145121030078e-21
2.94409028980304e-21
-2.77698122526026e-21
1.70124817666880e-22
-5.60455207570589e-22
4.92294859246391e-22
8.22032273881723e-22
1.80983757127089e-21
2.39782542817752e-21
3.94503445797249e-22
1.66663523112158e-21
8.37224035421489e-22
2.27158367596236e-22
1.74602021785622e-21
1.50384122577909e-21
-9.25566909635877e-23
2.82106739024537e-22
-9.61540447156130e-22
3.48585616035133e-22
-1.00149714604440e-21
-1.79668992431375e-21
8.83743695878014e-22
-9.30963871159500e-23
-3.32789655339109e-22
5.00359136627084e-22
-3.37868113463071e-22
-1.63959065225643e-21
1.22570632396525e-21
-2.58625659663701e-21
-2.68366082544964e-22
2.01991895511142e-21
-1.43145694078576e-21
1.20581435677924e-21
1.06347954005137e-22
3.11544326845678e-21
1.37462197581787e-21
2.84329137883904e-21
2.29508269460421e-21
2.36224467361441e-21
4.60223911401655e-21
2.90164046339635e-21
4.20281100065359e-21
2.20821282622108e-21
2.28645907865671e-21
2.60911775777996e-21
2.14535951083367e-21
1.14123311332210e-21
1.08669934543013e-21
1.82415443611285e-21
2.23611693055278e-21
2.39372487620038e-21
2.23484198152560e-21
3.53745135393628e-21
2.84008216576170e-21
2.61538380856432e-21
7.01499870951860e-22
1.99660031001984e-21
-1.48754149519290e-21
1.35413962778183e-21
-4.25724850129704e-22
1.27831539964859e-22
6.63201698589986e-22
3.08779372504196e-21
3.10190988966243e-21
2.15811114342281e-21
3.95210045535800e-21
2.65378304102804e-21
1.53131354366034e-21
2.21953449710137e-21
1.87476205184677e-21
1.64239020407108e-21
3.09662803961829e-21
2.60008036252968e-21
6.49343714427155e-22
4.53195102766090e-21
2.34551616774163e-21
3.63462409830505e-21
2.12341233245321e-21
1.33041868153641e-21
2.64518188405759e-21
-1.23370158860540e-21
-6.40357928645154e-22
1.92356450486857e-22
-2.45261133933608e-21
-5.07891308932220e-22
-7.33947727678743e-22
-1.39150555145546e-21
-1.25530047833821e-21
-2.00737581956531e-21
-1.81168648809827e-21
-1.28003605829313e-21
-1.54988072161055e-21
-3.38831392050784e-21
-2.04982558328297e-21
-3.29602894342934e-21
-3.99514942951718e-21
-4.04124111849099e-21
-4.18209978285355e-21
-2.48034125533478e-21
-4.36519544404848e-21
-3.52618384386644e-21
-2.18731969939166e-21
-4.13043042013824e-21
-2.64124913551486e-21
-2.62046492485642e-22
-2.24164729549177e-21
-2.02909184257101e-21
-5.26188068775417e-22
-5.05767263921197e-21
-2.21626055564392e-21
-4.35233137765090e-21
-6.08529320286094e-23
-2.86221887763568e-21
-1.09628933520082e-21
-1.14480808811664e-21
-9.67476369124117e-22
-4.12977453461127e-22
1.02623605293290e-21
3.09911332529745e-22
1.50931834690681e-21
7.15379179326814e-22
3.13909153262594e-21
5.49323820321599e-21
2.65853994919267e-21
4.48229156050263e-21
5.50586073647990e-21
4.57336972219902e-21
2.99538192021252e-21
4.04601261053199e-21
-3.95243971304998e-22
6.90023587924370e-22
1.18984687574844e-21
-1.88016362752388e-21
-2.15314008338967e-21
-2.11424743828532e-21
-2.55408785552424e-21
-1.26942802083292e-21
-2.13485834546586e-21
-7.77011080059929e-22
-1.64734335373073e-21
5.03146539870941e-23
-9.90776392233889e-22
3.41252162057690e-22
1.21613535726831e-21
-1.38352933010261e-22
2.91856099490342e-21
2.55728501981594e-21
4.31011088050628e-21
4.27756732966715e-21
5.70813142492633e-21
4.34570430009242e-21
5.51233155930834e-21
3.17020536910636e-21
4.70889029076478e-21
4.60820572129018e-21
2.35281533572217e-21
2.32847574991211e-21
3.98870265622971e-21
2.89383648828952e-21
-2.02462382795635e-22
5.06633083532183e-21
6.32566494907340e-22
3.90414459495947e-21
8.13452735028014e-22
1.46429749076839e-21
1.85579394202045e-21
2.13497540991933e-22
-2.31393561997110e-21
-2.19461400658811e-22
-8.90308879354096e-22
-7.68823822718476e-22
-9.33801364735722e-22
-8.30366326264152e-22
-1.27461645920326e-21
-1.36632550931363e-21
-2.77581375191119e-21
4.13395699255576e-22
-1.78082394168470e-21
-1.72518507736683e-21
8.66999250870677e-22
-3.26825834622456e-22
1.82867678685766e-21
3.16728097115227e-21
3.76604440081550e-22
3.93355436295403e-21
4.35917533270476e-21
4.14372183453846e-21
4.30184635434255e-21
4.21936942092024e-21
3.69366088744141e-21
4.54767395644264e-21
2.70548142623365e-21
4.34909655974784e-21
9.98681167897824e-22
3.49116555686441e-21
6.79406482832356e-22
2.58275503963908e-21
-1.16241428903183e-21
-1.93748725986371e-22
-1.77089889394121e-21
-1.15124087479851e-21
-7.75599816397727e-22
-2.53837864967301e-21
-2.48936905082774e-21
7.11768335056584e-22
-9.20072147308002e-22
-1.23245892194061e-22
-1.87682452556611e-21
-1.12554460844974e-21
3.81733518684253e-22
-7.64737789737077e-22
3.46241177802791e-22
1.77345226108636e-21
-2.74446505133468e-21
1.66967550220840e-21
-4.55326514028572e-23
-1.32139210278389e-22
2.35100717657818e-21
1.77209610556104e-22
1.94676793958259e-21
2.39880121673845e-21
3.29607554292585e-21
2.90903548442155e-21
1.23304598005078e-21
3.98740132031322e-21
2.09406113462849e-21
2.26450169126119e-21
2.65183474934538e-21
5.92892936697970e-22
1.98469951128911e-21
2.50022560878965e-21
1.48981984900756e-21
-1.13312092206332e-22
-9.57591047753150e-23
-2.30243208284989e-21
5.60243328267051e-22
-1.14875031621788e-21
-1.07136401539285e-21
6.09718468201242e-22
3.65931887469004e-22
1.32512081844455e-22
7.79986500142412e-22
5.99339929028619e-22
-9.76597580996351e-22
-1.55712842178258e-21
-1.36613324636340e-21
-6.14735095991148e-22
-1.88092080193543e-21
-3.47459686674730e-21
-2.57604576244516e-21
-5.38799439022860e-21
-3.31914701705741e-21
-5.26957759472567e-21
-3.87758743608311e-21
-5.02678198287643e-21
-3.79037850323900e-21
-5.12100186903963e-21
-3.45461652353244e-21
-3.24163762499449e-21
-2.56011911153816e-21
-2.72900466307846e-21
-2.03998030430966e-21
-3.35391637266345e-22
-2.97903664093144e-22
-1.13646394084870e-21
-5.28435701163181e-24
1.12604524542122e-21
5.46031393221042e-22
3.90350210631279e-21
1.44509955360342e-22
3.89817354446077e-21
1.47513966173713e-21
3.69868278432424e-21
3.61784792263035e-21
2.21682143419908e-21
2.04911082713746e-21
1.45668147802381e-21
2.90476159330979e-21
-8.71131688990864e-22
1.31651022199675e-21
-1.10433159854412e-21
3.13053727202251e-23
-1.32908568564616e-21
-9.95128256746686e-22
-3.01069722422477e-21
5.88285600655127e-22
-2.98747262541070e-21
-3.79997529106159e-22
-2.38751072684731e-21
-1.30274421155184e-21
-1.40965733324601e-21
-3.08311342203629e-21
-1.75369387504455e-21
-3.03008641497768e-21
-2.74109423879589e-21
-1.95940368974179e-21
-2.79519520694520e-21
-2.44219073716105e-21
-3.11342964356556e-21
-1.38371862025917e-21
2.10735635001819e-22
7.28647248887914e-22
-3.04886037673292e-22
9.55144966320525e-22
3.93745090990420e-22
-5.48033346620412e-23
8.23643528593177e-22
-1.16091671034672e-22
6.86167328102824e-22
8.39351923534300e-22
5.64821263519429e-23
3.92015464728383e-22
-1.50315787060785e-23
1.90084487262811e-21
1.81143586443196e-21
2.11064524683434e-21
3.25170984584187e-21
2.88664667443415e-21
1.46711960302233e-21
2.64801031596493e-21
2.28527186041920e-21
2.58858311736059e-21
1.48227252544069e-21
2.29357004463800e-21
1.30324832546873e-21
1.06133251855611e-22
1.51474177224386e-21
-1.11844906030563e-21
-1.31759359166585e-21
1.37794529856413e-22
-8.66209794270369e-22
7.23811929580593e-23
-5.54666932067694e-22
1.84790981869601e-21
-1.37098803750518e-21
-1.28021878397551e-21
1.45519203934640e-21
-1.44434351655791e-21
-1.08766829607941e-21
-9.99532218960324e-22
-3.75025633641275e-22
-1.78379883686462e-21
-1.39071243411828e-22
-2.04421102096738e-21
5.37024692222936e-22
-5.33247991904255e-22
6.28694248661707e-22
3.70958407272773e-22
1.45254446374850e-21
1.87519022566154e-21
2.23793865520041e-21
1.77571441493396e-23
2.02229230480181e-21
-1.33113877934977e-22
9.98387806445466e-22
-1.35898289082757e-21
2.92303099657060e-22
-6.05532750940829e-22
6.18346582130404e-22
-2.49122768917455e-22
7.99477788213989e-22
1.16929718238063e-21
1.17568952929614e-21
1.65590201258425e-22
4.64466012365022e-22
-1.35537522098073e-21
-1.35690137281518e-21
-2.91978115547753e-21
-1.35792883328958e-21
-2.12888006700366e-21
-2.36588387900837e-21
-1.60163092896591e-21
-1.96726384576089e-21
-2.61683059761750e-21
-4.54099701850512e-22
-1.05602342648792e-21
-1.52353922326999e-21
2.98663504651280e-22
-2.40175432232708e-21
7.88364161430088e-22
4.99737390017809e-22
1.10798668394711e-21
1.85736797777316e-21
3.26973754764349e-21
2.01400495540038e-21
3.12753689906941e-21
2.19889858057178e-22
2.10175939655763e-21
1.25985172341517e-21
1.29401656326819e-21
1.07445733787413e-21
1.80426938510496e-21
1.69358592283606e-21
1.27013645677920e-21
1.06423504676202e-21
3.40550312238869e-22
-6.31267191141073e-22
-9.21931248927583e-22
-7.16342222554205e-22
-1.82646261883526e-21
-1.07124507559304e-21
-8.21015771734421e-22
-9.43727179772348e-22
-1.47338542708320e-21
-1.03906835339464e-21
-1.66083344592633e-21
-1.55510118229302e-21
-1.05467355605330e-21
-6.26290262045805e-22
-6.62607907048280e-22
-3.62595715017701e-23
3.49362660835470e-22
-1.11584418182131e-21
2.56718983233691e-21
-1.95545999647370e-22
1.22445775327265e-21
8.39971041950280e-22
1.34283269158920e-21
8.71607998255469e-22
1.14044136789080e-21
8.43769537293281e-22
5.51427623133305e-22
-7.62238037615827e-22
-3.14162079125017e-22
-1.29127423862647e-22
1.64624743718812e-21
9.24559774488241e-22
1.14769411388079e-21
8.03241523350004e-22
1.24242692702725e-21
3.73068523811553e-22
1.18507037044757e-21
-1.80747539102348e-21
-2.92715042527432e-22
3.72815070604091e-22
-2.69600816493937e-22
4.92047005780426e-22
1.97366046579468e-21
-3.56698072306617e-22
1.86594471826932e-21
6.90599664800009e-22
-2.02040556264274e-22
1.47875681311841e-22
-2.34686017240619e-21
3.08794424516553e-22
1.37459125152345e-22
-1.07713433242730e-22
-2.00829522598434e-21
-1.23707756725021e-21
-1.93625053422634e-21
-2.41820200526570e-21
-1.89171914284798e-21
-5.62546353156168e-23
-4.72614607192082e-22
-6.30413034222736e-22
1.72585460605147e-21
-1.97836259978035e-22
2.21657261864494e-21
3.14254202629983e-22
1.51919434602263e-21
2.16653330671101e-21
6.93891991300843e-22
2.69876192619841e-21
2.58858477389726e-21
2.38496952251345e-21
1.15086697749834e-21
1.36754267929669e-21
1.76697371401647e-21
1.81147484366060e-22
-1.49196214455585e-21
-8.67266141033857e-23
-1.59257589946058e-21
3.13874098781040e-22
-1.60849165687478e-22
-1.31230931702324e-21
-1.94837464811664e-22
9.77203660658558e-22
1.40402013532008e-22
6.33639435270082e-22
-1.24701789330221e-21
-2.16745566597975e-22
1.07879775236042e-21
4.07614147869354e-22
-3.60838889476095e-22
-1.15033751779628e-22
-5.84521767449838e-22
-2.49925671351045e-21
-1.45584098671902e-21
-4.13562404477943e-21
9.77465233654193e-23
-3.08967776520864e-21
-1.96267091505919e-21
-7.86347457968811e-22
-2.10873775037013e-21
-6.47365678606066e-22
-1.44516066935009e-21
1.56664221345128e-22
-8.89469791020097e-23
2.27946877883774e-21
1.02428826407386e-22
3.07349183987698e-21
1.00679539019955e-21
2.95831222385363e-21
5.16790255087736e-22
2.79175231549718e-21
3.97856837068877e-22
1.28305305359336e-21
-8.61147729142775e-22
9.98512423627114e-22
-9.65289782162825e-22
5.15636513756053e-22
-5.08528462046914e-22
-1.54768935490419e-21
4.85990729119982e-22
-1.55899529629845e-21
-1.82022786213532e-21
-1.55291985736405e-21
-1.46924781462760e-21
-2.57678438058597e-21
-2.68189258223736e-21
-3.22161311938285e-21
-1.57292381286132e-21
-2.02252117444574e-21
-8.23379168671615e-22
5.87756518341964e-23
9.42006599336166e-22
1.40679854869731e-21
-4.86509005943825e-24
1.27847575160410e-21
-1.69891342797021e-21
7.14625440105350e-22
5.36990244552416e-23
-6.88234349320468e-22
6.28959977577693e-22
-1.69556582543043e-21
-3.07737801728920e-22
-1.39500803122619e-21
-3.10982565941777e-21
-6.21506838601132e-22
-1.21076232610759e-21
-1.98983618354640e-21
-5.80105539140993e-22
-2.76580507591347e-22
-4.69028684134178e-22
8.66157493862211e-22
-7.39167431889194e-22
1.09227262210912e-21
1.00180345142172e-21
-4.93113313783106e-22
6.20410341998582e-22
4.07022034377292e-22
-4.77943441563930e-22
5.83491734422846e-23
8.31243615394338e-23
-1.67062149144133e-21
2.09732368021490e-21
-1.96937127465667e-22
-4.67044231247436e-22
7.57820485101681e-22
-3.49864817440270e-21
9.04039940697423e-22
-5.17448662795028e-21
-2.42111754765762e-21
-1.95062686550532e-21
-3.28290318124768e-21
-2.01942261705254e-21
2.24681506961258e-22
-1.12332325194638e-21
-3.31776651093424e-22
-1.00191669361418e-21
-3.30247736540471e-22
-1.06672675128736e-21
-2.38477404560332e-21
-5.30619506390179e-23
-1.88755157639829e-21
-1.43205525240101e-21
-2.36858473017211e-21
-1.52610916867629e-21
5.33248912702494e-22
-8.93217483077877e-22
-1.26644138478414e-21
-1.80574648438448e-22
1.18404756974951e-22
1.15670110986724e-21
-6.17700821559817e-22
3.90184907902960e-22
3.06276398108174e-21
-1.37179689915123e-22
8.99652560028556e-22
5.49622548471533e-22
-3.29260876180530e-22
8.71453126845101e-22
3.05806430962723e-22
-5.96204813144713e-22
8.47409844048116e-23
-6.59763090873522e-22
-5.95308547985198e-22
8.39366270517002e-22
-1.66862198326303e-21
1.88729770652684e-21
6.29167222356251e-22
2.81387144977526e-22
-5.80147143659132e-23
7.41978069342024e-22
2.40989744114971e-21
8.76295830393294e-22
-1.02681521706187e-21
1.69546536655163e-21
-1.59228990003980e-21
-1.64239472011749e-21
-1.46589275543518e-21
-1.62136478798825e-21
-1.36111185058005e-21
-1.14823407354546e-21
-1.71558355500933e-21
3.29025795223599e-22
3.79725333749263e-22
1.03376446023123e-22
1.52346317502847e-21
3.73464274770655e-21
1.89119793213687e-21
1.55047054755896e-21
2.75042133125607e-21
3.19259484444881e-21
3.12918068132609e-21
1.91172645648755e-21
2.18539397635887e-21
-2.91443728434959e-22
3.90849030003268e-21
1.35415436205311e-21
1.22455943421976e-21
1.17905105581685e-21
2.02914775396167e-21
4.89907040863282e-22
8.39876210066751e-22
1.85194288189538e-21
-4.68730965592277e-22
1.19504084599997e-22
-1.15936871142866e-22
3.87845267811126e-22
-4.29558357120017e-22
-1.51442548668762e-21
1.42908551111394e-21
-5.56738484615692e-22
-1.08523208885766e-22
1.03380676180289e-21
4.02572386534704e-22
-5.19199087511707e-22
-4.36129890215873e-22
-2.17747357154653e-21
-1.15465770716531e-21
-9.36091857687284e-22
-1.02406353109218e-21
-1.01116971542865e-21
-1.47197417295542e-21
-1.77344005287977e-21
-1.31373442630737e-21
-2.30410323160500e-21
-1.01319532689038e-21
-2.15759377090144e-21
-6.76485648060971e-22
-9.22934308040910e-22
-1.95938889997307e-21
-1.15606293966757e-21
1.04541252308033e-21
-1.10805162536036e-21
2.16926867583683e-21
1.28631690133024e-21
-7.89889791915023e-22
2.88103670012913e-21
-1.36459401767068e-21
2.24445330994247e-21
1.47857006053095e-21
1.42459971076881e-21
3.21932069367471e-21
3.52794403541030e-23
1.48328714463055e-21
5.62823177516332e-22
6.52867017211394e-22
-6.32253780774950e-22
2.51413126274032e-21
1.51475173821952e-21
1.76122559394672e-21
2.29839184600970e-21
8.58161580726339e-22
1.31285468244477e-21
1.54464897189226e-21
3.96776244913940e-22
1.81449117250532e-21
-1.78243536487425e-21
-7.51069960319604e-23
-2.25564135522905e-21
-2.25355699516059e-21
-2.35008305357079e-21
-2.49748795282944e-22
-2.42417620681437e-21
4.99544099291525e-22
-4.11613796781939e-22
-1.28121770605445e-21
1.09326383418442e-21
-2.52299135621992e-22
6.57366536451308e-22
1.91719986421908e-21
1.32774667501769e-21
3.74143045425014e-21
1.01940896175493e-21
3.59458429869284e-21
2.17320626593945e-21
2.95721353072329e-21
1.63417336020487e-21
3.18614425503790e-21
1.40966447504353e-21
1.33211353546020e-21
-2.28717782026222e-22
1.41778219398750e-21
-1.16019424623477e-21
-4.23313592465640e-22
3.61282511925402e-22
7.55918942685910e-23
-9.04612547096120e-22
-8.83552722806079e-22
-2.96260885701659e-21
2.62572409591843e-21
-2.49947145087315e-21
-8.94334623156478e-22
-2.27533498552537e-21
-1.57476478481240e-21
-1.96160245467694e-21
-2.98654498158532e-21
-2.07341114768718e-21
-1.04276881002758e-21
1.84976130529248e-21
2.87966344246829e-22
2.29227441430001e-21
2.57914061223711e-21
3.75282831219851e-21
3.98881858100301e-21
4.36561998203479e-21
4.70400680794210e-21
3.76190172269194e-21
5.59720091646348e-21
3.30760822734423e-21
2.68789992407194e-21
1.87390652004464e-21
2.91654782899375e-21
1.70466755521204e-21
-1.78120437922106e-22
-3.75380263889666e-22
-1.92012176603265e-21
-2.00030893659022e-21
-1.72685394259989e-21
-2.70614007663522e-21
-2.50570334958785e-21
-3.52210842343932e-21
-2.37824288175792e-21
-2.99793785109863e-21
-4.20176469491562e-21
-2.31098875496098e-21
-1.79149911606964e-21
-3.64188372959573e-21
-2.98563344139906e-21
-2.20947255322959e-21
-4.41406092736151e-21
-7.80974573615925e-22
-4.43286949877738e-22
4.30135564505667e-22
1.52670930335164e-21
-7.01020400506594e-22
-9.19341793201489e-22
-9.38382307266577e-22
6.93487107165803e-22
-2.73066719692900e-22
-7.32707151937589e-22
-2.06723070526115e-21
-1.65844909512035e-24
-1.46175673766196e-21
-2.30634518171135e-21
-4.63023601373111e-22
-1.52342369854625e-21
8.35996412339100e-23
-1.76714255323389e-21
7.34942464405964e-22
-1.64224765105054e-21
2.11657430808430e-22
-6.84148948391847e-22
1.63151344358391e-21
-4.13903674806281e-23
2.64116673160334e-21
-4.02424527691449e-22
2.68287366332156e-21
1.26567104885991e-21
2.48309718280035e-21
1.17956309696220e-21
2.51675608257070e-21
3.37365003518724e-21
2.61832745857566e-21
1.27056627450156e-21
2.79966133100411e-21
1.33497946503432e-21
1.69595862462942e-21
2.58069180430403e-21
8.53650861215149e-22
1.62326938662252e-21
1.83447487926893e-22
-2.97804330485948e-22
1.42438896876055e-21
-1.05778605360029e-21
-9.25938959206537e-22
-1.28898618542270e-21
-2.43317707540733e-21
-3.14284981737753e-21
-2.92274585450774e-21
-3.77057392661945e-21
-2.45255384448695e-21
-3.00138668984311e-21
-2.90566214127954e-21
-2.11174017406935e-21
-1.82375247032176e-21
-3.90616607016596e-22
-2.62298133306280e-21
-4.88293406693992e-22
7.48039557768330e-23
1.64618090475055e-21
1.56747888610933e-21
1.74069528876135e-21
9.95326676619662e-22
2.99821970636318e-21
1.51825777690551e-21
2.41384287325367e-21
1.23034039972621e-21
9.53155487484821e-22
1.75207907702176e-21
2.58915559492885e-22
2.57312716908739e-21
-5.13642542445552e-22
-2.49650648438007e-22
-1.39391529762250e-21
5.65619775549034e-22
-1.88353453855301e-21
1.46350133956067e-21
4.57194388264475e-22
-6.57260656468575e-23
-1.13966644445661e-21
1.68511234989123e-21
-6.74258589579937e-22
6.79596414608837e-22
4.36248063841536e-22
-3.09207299758182e-22
-4.43720153414574e-22
8.62365539491740e-22
-1.06665039931401e-22
8.67690573523002e-22
-2.81954381247296e-23
-2.16267396158268e-21
-1.84990110367951e-21
-1.38463501862720e-21
-4.47703057845450e-22
-6.66609010726015e-22
-2.34971242279389e-21
-1.27114252494468e-21
-2.52065863184161e-21
-2.35023572294272e-21
-5.85379590727841e-22
-9.57496543408332e-22
-9.77113663744605e-23
-9.78049991819672e-22
3.43320141287647e-21
5.26984123757051e-22
2.96243101630496e-21
2.46684109466443e-21
3.89107748347355e-21
2.89905135753170e-21
2.12578488932731e-21
1.78788655441191e-22
1.98504659492230e-21
8.19210265589137e-22
-1.49573698632860e-21
-2.01436566434245e-21
-1.23251489647576e-21
-2.70281482822829e-21
-4.32392296732520e-21
-2.38624210712916e-21
-3.91563475691911e-21
-3.81184953956247e-21
-3.30019222370662e-21
-4.96096385107471e-21
-2.40053398237815e-21
-3.27074577899957e-21
-7.59677353432474e-22
-6.65789539797642e-22
-1.53116721916490e-22
3.46582705738586e-22
6.36217757703930e-22
1.49100678738192e-21
1.21818283377760e-21
3.70099012531465e-21
2.77381693890529e-21
2.85043473769814e-21
1.96489637126476e-21
6.72166793932779e-22
9.42189371887878e-22
8.41727806526763e-22
3.81736631107958e-22
2.53206723478064e-22
-1.38554176468189e-21
-1.29031756786582e-22
-1.26012343656473e-21
-1.16164497954093e-21
-4.13792786295055e-22
-1.57555726500919e-21
-1.95057790457832e-21
-3.57225238914352e-21
-1.76301221912669e-21
-2.12900630522021e-21
-1.76701067377124e-21
-1.10699417028419e-21
1.78160621049800e-22
-2.84935974816203e-21
2.11820499744906e-21
1.51281006813666e-21
-1.16556827775237e-22
2.37528988337420e-21
2.61208504754931e-21
3.46359176476021e-21
3.13979597386897e-21
3.71908258062058e-21
3.49995555046671e-21
5.76381714436731e-21
1.69517675043433e-21
3.75864548596589e-21
2.95930816329908e-22
3.52856248703694e-21
2.29403358154119e-21
1.22307166848246e-21
2.44591449871760e-21
4.12415024828359e-22
2.99433447641871e-21
1.20549487306964e-22
4.73824238856048e-22
-1.73987600821390e-21
-1.54561896985747e-21
-6.74498022197939e-22
-2.84835476094211e-21
-1.86409243312537e-21
-1.53707092916061e-21
-2.37228217195496e-21
-4.23956760146910e-21
-2.01780095339231e-21
-3.64360206074389e-21
-2.94185193001435e-21
-3.52999867826449e-21
-2.83723747242304e-21
-2.45702657160231e-21
-3.72819536030513e-21
-2.80130875644597e-21
-1.09678796942988e-21
-2.61811849475452e-21
9.48258449991010e-22
-2.40318259254737e-23
5.92447436788087e-23
-1.96929201997499e-22
6.89569635115576e-22
1.34110644196542e-21
1.15394283660131e-22
5.16335060761359e-22
-2.53313352770063e-22
3.77531094052926e-22
-9.26299922647853e-23
-2.48161741387272e-21
8.08438163234164e-22
-1.89563486485102e-21
3.67058795221426e-21
1.43909036601227e-21
2.35804366659859e-21
1.22572312251481e-21
3.33351493704044e-21
1.56860943238014e-21
3.84155381468831e-21
2.00419150287976e-21
2.08187928709898e-21
2.40460165996033e-21
2.70164260811076e-21
1.21860221396818e-21
3.21766984489988e-21
1.92186325015161e-21
1.97094081877627e-21
1.30458976235242e-21
2.39752866585167e-21
2.46197247806798e-21
2.72412713023834e-21
1.72099718195153e-21
1.02799961636123e-21
2.07854301908225e-21
4.25212290125355e-22
7.06504390064899e-22
7.43691523651925e-23
1.83534849407092e-21
1.25717646873223e-21
1.20938219580622e-22
-2.38297930984609e-22
7.78178282994175e-22
-6.42475437792753e-22
-5.80685350146741e-22
-8.11671449615083e-22
-1.20092601690051e-21
-1.68363671256022e-21
-2.38699929707891e-23
4.39774051838218e-22
-3.61838777584233e-21
-8.98409437798954e-22
-1.87865959228657e-21
-2.69923315406636e-21
-5.94536661189000e-22
-1.38441698576769e-21
1.19998121473769e-22
5.34520994066894e-22
1.24165051849892e-21
3.88423899087125e-21
1.28919591594593e-21
3.02741484743778e-21
4.10432831287032e-21
3.79903244736616e-21
2.25592020639419e-21
1.24298996685892e-21
3.16240101324605e-21
3.41282365751807e-22
-2.84171254761309e-22
-7.57037593206975e-22
-1.69286987710740e-21
-1.09347067325282e-21
-2.77022381755986e-21
-2.77543717704362e-21
-2.94502957604369e-21
-1.22906060121339e-21
-2.23909885720711e-21
-1.57851532090802e-21
-7.56017611643326e-22
-2.69081501048010e-21
-1.16089332338264e-21
-1.70465155989809e-22
7.10724856719522e-22
-7.10241470297573e-22
7.17536869963932e-22
7.73830279279645e-22
2.54598460804761e-21
1.65451708321780e-21
2.25710344271866e-21
2.34893478319056e-21
-3.15886786863913e-23
1.84580638762054e-21
5.46475568825236e-21
2.99612809238848e-21
5.38974381472696e-21
5.43991082307060e-21
4.61236090887598e-21
4.57679015149090e-21
6.02977887582984e-21
3.52991397122541e-21
3.30614663764287e-21
1.62513249064246e-21
1.36299300197551e-21
6.44075698229274e-22
3.61547527895565e-22
1.94431021606496e-21
-1.57878283263697e-21
7.65184229912235e-22
-1.89499936474535e-21
-1.65894340401226e-21
-2.11671006900953e-21
-1.17320863799402e-21
-3.84751061504980e-21
-4.81353906417748e-21
-2.99531320398432e-21
-2.75537001829678e-21
-3.88340500081708e-21
-2.65094502712532e-21
-2.94814388154226e-21
-7.37527795083141e-22
-1.38623369570999e-21
1.95454899085090e-22
-2.07104310511704e-21
-2.99048100260278e-22
-1.58389750307855e-21
1.47177095654643e-22
5.17627821798891e-22
1.07510642348808e-22
1.67153884773243e-21
2.05788190856896e-21
2.25058471665817e-21
2.97481176949311e-21
2.62396072798548e-21
2.04792871584174e-21
2.60904510648072e-21
1.92934985805011e-21
2.65081645660683e-21
2.01812202916186e-21
8.66258758116027e-24
-4.16731759181582e-22
-5.31214194356317e-23
-2.22312296759093e-22
-7.36783512265403e-22
-1.32691803664935e-21
1.31508647627329e-21
5.01472078566398e-22
6.91075247793687e-22
-9.01822436269104e-22
5.77228368393575e-22
-1.17509504429866e-21
-3.32842910009891e-22
1.39222642226210e-21
-9.24996106003446e-22
6.55889855073789e-22
3.42115962654294e-22
5.36790782257292e-22
-5.15559261425738e-22
1.16051968940799e-21
9.77957101519466e-22
1.45800614729881e-21
2.15279086594360e-22
1.22889907535903e-21
1.30290611604586e-21
3.40472622404560e-21
1.02374158030344e-21
3.49174551448748e-21
2.44820637932795e-21
1.52927561216488e-21
1.13542497072008e-21
1.15586355876708e-21
1.77239198342458e-21
-1.94691957520590e-21
9.47488650595114e-22
-2.33820458401337e-21
-1.48054070983173e-21
-1.70854752562815e-21
-2.84439795039120e-21
-4.57409862436745e-21
-8.31734482984747e-22
-4.83351979592292e-21
-1.19837438461576e-21
-2.97134139708968e-21
-1.03282868632618e-21
-1.76530273882719e-21
1.06315670308769e-21
-1.36048841969393e-21
3.72302560278318e-22
3.75497453191363e-21
1.02902341692292e-21
1.48622262719689e-21
2.69333465005092e-21
2.98480452955449e-21
3.11696776598377e-22
1.74576301550681e-21
1.50340665385312e-21
2.24172300108503e-22
4.00956784355632e-22
-6.84154135521084e-22
1.19960376896459e-21
1.39294189410194e-21
4.36047726254983e-22
-1.21257965568060e-22
1.69165301914321e-21
-1.04144161201034e-21
-1.83124429144877e-21
-1.38907494747661e-21
-3.40281351653516e-21
-2.96413888818091e-21
-1.09566020410516e-21
-3.37484021357309e-21
-4.55418654054188e-21
-3.05651950228166e-21
-3.26275282396152e-21
-8.37790001840895e-22
-8.71733290798020e-22
-3.01178891876004e-22
5.61289179380381e-22
2.47811111171309e-21
5.38420091638224e-22
2.88312025668089e-21
2.13003145402441e-21
1.06420605251497e-21
2.26881409714686e-21
2.39273412921957e-21
2.48876140966445e-21
-6.43581342525658e-22
-1.06154473969280e-21
-4.79717076148815e-22
-7.58173307436086e-22
-9.32727644290076e-22
-1.03453385818996e-21
-1.07126603135936e-21
1.84480324198314e-21
6.81067505683404e-22
-5.27197143272553e-22
1.20647324564133e-21
3.40962407689258e-22
2.31806970353009e-22
-3.58455645573741e-22
-1.46740052083474e-21
-2.02374020799006e-21
-2.91861017146715e-21
-2.27908070255590e-21
-4.21767866163835e-21
-1.24036728216426e-21
-3.38644368045789e-21
-1.63703718588601e-21
-2.28626764964417e-21
-1.21870294097091e-21
-8.69473509679526e-22
-1.33428319497782e-21
-1.09813179078303e-21
-2.36972311453967e-21
-5.12893283095450e-22
-3.76144369147839e-22
-9.41876161220698e-22
-7.25781287043819e-22
6.52177976321535e-22
2.81212073769877e-21
-3.02856274680339e-22
2.71802458605564e-21
6.01702303911430e-22
2.96199738808914e-22
-2.97611055708101e-22
-1.39574428158814e-21
-1.28548096490534e-21
-3.03220158517924e-21
-2.20085184498146e-21
-3.29851816353510e-21
-2.40429975456800e-21
-2.77429545539930e-21
-1.67277030659172e-21
-2.25118470509625e-21
-1.49499102879172e-21
-3.75724115683153e-21
7.54815219644235e-22
-3.28729944301663e-21
2.32675740003467e-21
-7.90225806493319e-22
-4.14032786569066e-22
1.23722399392875e-21
2.17905625105374e-21
1.96855418447414e-21
1.51329848859568e-21
1.10735533638628e-21
5.76811215128460e-22
1.32872203147350e-21
1.10266329272542e-21
6.03515082061557e-22
1.49424263674228e-21
-1.83496429725882e-22
1.73812801564530e-21
4.92987332932132e-22
-1.37905055649416e-21
1.62481082587239e-22
4.79974342158948e-22
-1.94066299331847e-21
-1.20139051148922e-21
-8.08599607049084e-22
-2.65582156562167e-21
-1.64629704932116e-21
-2.44922736289784e-21
-3.40111923102950e-21
-2.18680994612690e-21
-3.62669237569192e-21
-1.83184008609304e-21
-1.51163583120879e-21
-1.72336101620377e-21
-6.09010834295023e-22
-1.71756361858959e-21
8.86722718381849e-22
-1.28499023547492e-21
6.76384504132063e-22
-3.20463277005101e-21
-1.59782345730855e-21
-8.33969169110357e-22
-2.91286192925790e-21
-2.97433097999073e-22
-3.35000816676844e-21
-1.09016200642813e-21
1.01965913438772e-21
-1.27731180287683e-21
9.99082250026387e-22
1.51765359929942e-21
2.85668963604402e-21
-3.32326742981999e-24
2.88002733729928e-21
-1.16480651032416e-21
1.64350950231086e-21
-2.65746019218501e-21
-2.13349953137025e-21
-2.94063320110989e-21
-3.83903279052028e-21
-1.09933869201224e-21
-1.57381033528044e-21
-1.65100617106039e-21
-6.90160509752244e-22
-2.71362451265597e-21
1.32025931840340e-21
-1.46485179734284e-21
3.04562517447254e-22
4.49032409880645e-22
3.80125795501432e-22
7.99615981694090e-22
-3.81430916674486e-22
-3.65006096055389e-24
-1.06360536010573e-21
-1.45037939650617e-21
-9.26635092863410e-22
-2.06213950343092e-21
-2.86833330390220e-22
-1.00688272080374e-21
-2.99091222436814e-22
-5.35945814264258e-22
-4.34863642540144e-22
-6.67562038868269e-22
-7.99940240921031e-22
-1.07149411257870e-21
-2.57992805936120e-21
-7.16032120757433e-22
-1.26915296435295e-21
-2.55696641656378e-22
-2.32850527090032e-22
-8.56615091066511e-22
-1.15437949513711e-21
7.89780138106673e-22
-7.38774102479926e-22
6.19196934564528e-22
-1.37863874190960e-22
-4.67052246683715e-22
-2.54102200466962e-21
-9.89564586792643e-22
-2.72872212338723e-21
-2.12730304645171e-21
-2.26189791334183e-21
-2.42648999392052e-21
-3.03608145967668e-21
-1.26090444313583e-21
-1.53978128992190e-21
8.77029273792983e-22
-1.15306375946822e-21
-6.27391576053758e-22
5.64787468212016e-22
1.15104888481736e-21
1.72222648327302e-21
-2.54693595990293e-23
6.21802905266670e-22
1.33369105072940e-21
1.10112860724916e-21
1.96348900043772e-22
1.60833611462571e-21
9.95992926211680e-22
2.13746946964566e-21
5.80718611699173e-22
1.44024204122443e-21
1.36422030474455e-21
1.04476916586440e-21
-3.45778171127460e-22
1.23444542920508e-21
4.26435385803194e-23
1.87161129228999e-21
7.41412105628861e-23
6.66451648245626e-22
-1.18909666058087e-22
-4.82540728188187e-22
-1.83277958501614e-22
-2.51794714441195e-22
-1.41945169799782e-21
-1.95918281710180e-21
-7.77373086706453e-22
-2.61491584907266e-21
-3.60718864283992e-21
-2.26912158771131e-21
-3.42090610244688e-21
-3.69819103309716e-21
-2.75835394651083e-21
-2.56714452114039e-21
-3.75503031224992e-21
-2.13822611866160e-21
-4.61506555605201e-21
-3.22729268413676e-21
-4.60810068092863e-21
-3.96609047955871e-21
-3.56026416869791e-21
-5.45744135815184e-21
-1.60262853453468e-21
-3.91290267469054e-21
-1.21224010168420e-21
-7.78131725821552e-22
-1.47025883879136e-21
-3.57458139169900e-22
1.92192768428384e-21
6.16191041685532e-22
-5.97261822582616e-22
-8.67284457827416e-22
-3.40061961868732e-22
-1.68184093624536e-21
-7.01410375738597e-22
-1.23941729001054e-21
-3.39362461555072e-21
6.51542180223828e-22
-1.60939424517460e-21
-4.14597565473955e-22
-1.13989561656739e-21
-7.43051013376416e-22
-2.19240977978326e-22
-1.96234223084555e-21
1.24946572084048e-21
3.52219743081948e-21
1.71801324489063e-21
2.76197378645753e-21
3.75919490960629e-21
3.31762895474152e-21
4.05138425811066e-21
4.40505489950371e-21
1.87755044099253e-21
3.83841693498328e-21
4.04468643312218e-21
2.53662479898789e-21
2.54200471044893e-21
2.67325636016533e-21
2.78934674013426e-21
8.61889487974231e-22
1.34964171254395e-21
-1.61931489369726e-21
1.13362143437719e-21
-2.20317619043021e-21
-4.60254287099005e-22
-1.07581085367099e-21
-1.43106066535407e-21
-9.71670038177718e-22
-1.00394276023874e-21
-1.79982599916569e-21
-2.12705988604100e-21
-3.13126229947124e-21
-1.90542988291355e-21
-3.75501406782592e-21
-3.10859225776968e-21
-1.64791478644433e-21
-3.85441681612209e-21
-1.00420851141691e-21
-2.90806472404463e-21
1.85190461367329e-21
-8.11189840241248e-23
9.42195620032647e-22
8.95734795112393e-22
2.75618428837664e-21
8.24342298703095e-22
1.62228320139461e-21
1.56779671338282e-21
-1.36963639216555e-21
5.52687528057237e-22
-1.62471701813121e-21
1.08945233461962e-21
-2.38598139872008e-21
-2.46326452163222e-22
-1.85093144774551e-21
-2.19673748165074e-21
-5.64725853578240e-22
-1.99452852007882e-21
-1.66360608602439e-21
9.85111157074456e-22
-6.17851773678046e-22
4.32629490841207e-22
-1.13204681795954e-22
1.42844287142519e-21
2.59275125087907e-21
-2.56275388995263e-22
-4.06494995652031e-22
1.69879180788744e-21
-1.01423485011583e-21
-2.61504193143294e-21
-1.17710228822858e-21
-3.02016215614678e-21
-4.21045362684364e-21
-2.35811065415267e-21
-2.48163027609073e-21
-3.81920174284578e-21
-3.40914876677480e-21
-3.91680404544479e-21
-6.14906149539459e-22
-2.01551451792809e-21
-4.27031669768724e-22
-2.45335106289689e-21
-1.66569358553402e-22
-2.49593254170240e-21
-1.74064077399087e-21
-1.05264853987510e-21
-7.29127865371557e-22
-1.96009682966656e-21
-2.37374397829595e-23
-3.08366370352564e-22
-8.47707295639105e-22
9.24603008142785e-22
-2.79137502056556e-21
-3.43979202298320e-22
-1.91697253284413e-21
-3.24571509246325e-21
-3.32175551246758e-21
-4.29924138273560e-21
-3.53673584134370e-21
-4.97845843061998e-21
-2.87463090702731e-21
-2.24317273279406e-21
-1.76327024253505e-21
-2.68096201496223e-21
-1.49522138980985e-21
-1.77709075183929e-21
-4.79873292645859e-22
-2.23992933425324e-21
-2.07088024124745e-21
-2.09852091737200e-21
-1.74779206768137e-21
-5.87066566377493e-21
-3.99632960359570e-21
-3.04811287898708e-21
-2.26278215353329e-21
-4.28493825199652e-21
-2.40444503603505e-21
-3.49959087700850e-21
-4.08910384608387e-21
-2.10523342064670e-21
-1.02415106999906e-21
-1.75272815562435e-21
-6.84224968678275e-22
-9.06291305513568e-22
3.95042008753912e-22
1.22806973132342e-21
-8.12101157395887e-22
3.32188706418718e-21
1.65948401391918e-22
9.79807452157617e-22
-2.64563594768330e-22
1.17524956344844e-21
1.01871992432980e-22
-5.19334136259373e-23
1.08300685108864e-21
-1.27312994097167e-21
-1.40999235288476e-21
-9.36964253505037e-22
-1.66778363698086e-21
-2.25639286260305e-21
4.27159422690400e-22
1.04051823755286e-21
-1.19104858830929e-22
2.36044226342574e-21
-3.17038670678138e-22
5.38378370278335e-22
1.86299093208716e-21
2.85838903394324e-21
1.56783496945010e-21
1.69989196561319e-21
2.09335280484285e-21
1.27756225871900e-21
7.42231300389197e-22
1.60526200089236e-22
7.54936114589896e-22
1.07740487912838e-23
-4.39971476168129e-22
1.00101371261983e-21
9.58178041968293e-22
1.14904662203580e-21
2.61907403231140e-21
7.21106651465037e-22
2.07383877714268e-21
-2.85876879809911e-22
3.72214689205044e-21
6.14374500495326e-22
3.42217614570126e-23
-3.59654244905438e-22
9.59448265801057e-22
-1.33097979612783e-21
-3.29574453243597e-22
-6.17445769502851e-22
-5.04151081551512e-23
9.52104909458321e-22
2.94828518487574e-23
1.93147304313884e-21
1.96858700536224e-22
3.11373029755827e-21
1.85627002005042e-21
4.03365454719103e-21
2.13071492850651e-21
3.85445700679984e-21
2.56824532242333e-21
4.17267972498109e-21
2.66482536456622e-21
2.10845670310102e-21
2.62538853028191e-21
2.52101261509872e-22
2.23364284517327e-22
-2.26357292154506e-21
-1.10506946482768e-21
-5.14279998351294e-21
-3.62001301984886e-21
-3.21740007189370e-21
-4.37755827424768e-21
-3.23292670532423e-21
-4.21469786923286e-21
-2.51136210809345e-21
-2.43895543831633e-21
-2.15066761979742e-21
-2.40928228749755e-21
-3.02089323974652e-21
-1.33548619511364e-21
-3.10586562992294e-21
-2.00141058057012e-21
-2.26074872770482e-22
-1.73184256783320e-21
-4.27358496958548e-22
1.30946940207185e-21
9.73767169096742e-22
2.48655937309016e-22
-6.85723932542230e-23
-1.11578840980504e-21
-1.08513201613090e-22
-4.50103713714736e-22
-1.30680713667389e-21
-8.74866792760850e-22
-1.35186498800540e-21
-6.15251570842298e-22
3.12208209266245e-23
-2.46792062587554e-21
6.02313051566316e-23
2.83412820265616e-22
-1.28986948698508e-21
1.30647437985655e-21
1.02790836337167e-21
1.72207213411669e-21
3.73139392992061e-21
3.53905277852016e-21
4.85782052776185e-21
3.78607936917521e-21
2.60132082767043e-21
5.04063253815857e-21
1.60542566847499e-21
1.82315163916627e-21
8.45783125587754e-22
3.19664597637722e-21
3.41551216393490e-22
-1.08544911811027e-22
1.99007105374453e-21
-1.72037447783952e-21
4.34272302045358e-22
-4.53231889802156e-22
-5.38821787761081e-22
-9.79944009057758e-22
-1.99315586271505e-22
1.17848063826685e-21
3.16464683308944e-22
-3.39289266581094e-22
2.01806658943480e-21
7.29801463172549e-22
2.11595927887974e-21
4.21398233708777e-22
4.63043733853439e-22
-3.30941034410239e-22
-1.58776538987609e-21
-1.76003717123005e-21
-3.70411195180627e-21
-2.34045851800757e-21
-5.23136703019577e-21
-2.06791717313483e-21
-2.27095932637914e-21
-4.38510012976280e-21
-1.72580128647879e-21
3.39404712320084e-22
1.87906117318604e-21
-3.05678151936475e-22
1.85391184978318e-21
7.60590863339099e-22
2.26054496106935e-21
-1.01757431289038e-22
1.16490151505614e-21
1.64232844193550e-22
9.61871025606882e-22
-2.54114860437442e-23
-2.78477746229219e-24
-1.30454798064729e-22
-1.24041603435697e-21
6.54128540359696e-22
1.24918944504795e-21
2.23101344591401e-21
5.76303036852136e-22
-1.61502313809826e-22
2.35831029511180e-22
1.20607706991933e-22
-1.93238899824897e-21
-4.65561287133526e-22
-1.96246114449320e-21
-2.18763800167663e-21
-1.80630941844148e-21
-2.09485891813363e-21
-2.78670868066452e-21
-3.06669408037167e-21
-1.89956121112726e-21
-2.48215800122335e-21
-7.54269638070038e-22
-1.63384755327891e-21
6.84079930978346e-23
-1.60347455614973e-22
-3.17560967474075e-22
-1.63285175032884e-21
1.28946320586109e-21
1.15863139797241e-22